%YAML:1.0
calibration_time: "Di 29 Sep 2015 14:49:04 CEST"
image_width: 640
image_height: 480
flags: 0
camera_matrix: !!opencv-matrix
   rows: 3
   cols: 3
   dt: d
   data: [ 7.3217719610609697e+02, 0., 2.9578100995251731e+02, 0.,
       7.2556129305059130e+02, 2.2114033824116913e+02, 0., 0., 1. ]
distortion_coefficients: !!opencv-matrix
   rows: 1
   cols: 5
   dt: d
   data: [ 8.3941327221285930e-02, -2.2997821246108976e+00,
       4.8339479378323820e-03, 1.1835893615657776e-03,
       1.5025198735796630e+01 ]
avg_reprojection_error: 2.3497784710440861e-01
